00006
00009
00018
00027
00035
00042
00043
00046
00053
00058
00090
00096
00106
00117
00128
00132
00152
00153
00158
00166
00188
00200
00207
00224
00228
00231
00241
00243
00251
00258
00282
00317
00319
00320
00333
00339
00344
00349
00359
00387
00400
00406
00409
00410
00420
00422
00423
00434
00441
00444
00452
00470
00472
00474
00475
00488
00508
00510
00514
00520
00525
00534
00536
00546
00588
00590
00601
00606
00609
00626
00634
00645
00651
00653
00659
00672
00685
00710
00711
00715
00722
00727
00742
00745
00750
00753
00757
00771
00803
00821
00822
00823
00828
00832
00841
00845
00853
00858
00878
00887
00888
00893
00916
00919
00931
00936
00949
00958
00960
00964
00977
00982
00986
00992
00993
00996
00998
01020
01035
01040
01041
01049
01052
01070
01076
01084
01099
01104
01113
01121
01122
01124
01127
01129
01133
01137
01139
01143
01146
01160
01163
01166
01169
01188
01193
01200
01204
01210
01213
01225
01229
01232
01233
01235
01245
01269
01290
01291
01293
01307
01312
01315
01317
01320
01323
01330
01341
01343
01375
01389
01395
01398
01402
01403
01419
01424
01442
01476
01479
01480
01489
01494
01496
01501
01512
01519
01524
01527
01528
01530
01535
01545
01557
01582
01584
01588
01591
01592
01604
01612
01622
01624
01625
01627
01633
01638
01644
01646
01647
01654
01669
01674
01679
01680
01684
01697
01713
01729
01743
01746
01747
01753
01768
01771
01775
01776
01786
01790
01796
01801
01824
01827
01832
01858
01862
01869
01874
01876
01880
01886
01889
01891
01894
01899
01902
01911
01924
01940
01958
01964
01976
01982
01983
01988
01989
02001
02002
02024
02037
02041
02045
02060
02063
02067
02068
02073
02076
02085
02088
02091
02103
02129
02131
02143
02144
02146
02153
02159
02165
02167
02170
02184
02200
02222
02223
02236
02240
02266
02267
02286
02287
02290
02296
02306
02330
02340
02344
02361
02369
02370
02385
02414
02417
02426
02430
02434
02441
02442
02444
02471
02485
02492
02496
02500
02503
02504
02506
02522
02529
02531
02532
02536
02546
02547
02564
02573
02579
02584
02588
02591
02594
02607
02608
02615
02621
02634
02646
02647
02662
02664
02677
02683
02695
02697
02704
02705
02718
02724
02725
02749
02780
02785
02803
02847
02851
02854
02858
02868
02870
02877
02881
02885
02900
02925
02927
02938
02939
02950
02973
02977
02979
03006
03020
03033
03044
03073
03090
03109
03111
03114
03115
03116
03119
03122
03130
03138
03139
03143
03150
03155
03164
03180
03185
03228
03241
03249
03257
03258
03262
03263
03266
03269
03289
03295
03335
03346
03362
03388
03394
03404
03432
03441
03443
03450
03456
03457
03467
03470
03475
03483
03492
03501
03502
03505
03510
03522
03527
03538
03545
03559
03566
03571
03582
03585
03588
03593
03595
03598
03608
03611
03613
03626
03629
03630
03644
03652
03657
03673
03680
03681
03683
03696
03697
03727
03728
03733
03743
03750
03752
03770
03777
03788
03792
03804
03811
03814
03817
03824
03826
03830
03841
03846
03848
03853
03868
03872
03878
03886
03898
03899
03908
03910
03912
03919
03920
03923
03929
03937
03945
03946
03954
03978
03981
03986
03990
03993
03995
03997
04000
04002
04010
04011
04012
04022
04033
04040
04050
04051
04061
04065
04066
04073
04082
04088
04092
04097
04102
04106
04114
04118
04119
04133
04135
04136
04161
04173
04176
04183
04198
04210
04232
04246
04262
04272
04279
04291
04295
04304
04315
04325
04332
04333
04334
04335
04339
04342
04345
04347
04349
04351
04352
04371
04374
04375
04377
04386
04397
04415
04422
04425
04438
04451
04460
04462
04465
04471
04479
04494
04497
04499
04505
04506
04520
04526
04530
04533
04542
04543
04552
04554
04557
04558
04562
04563
04564
04569
04573
04581
04583
04616
04632
04634
04636
04649
04658
04669
04673
04681
04689
04700
04708
04712
04719
04720
04722
04728
04741
04771
04781
04786
04803
04806
04808
04820
04831
04835
04837
04844
04847
04853
04861
04871
04889
04891
04892
04901
04905
04906
04915
04920
04930
04941
04949
04951
04952
04956
04978
04982
04986
05000
05003
05016
05023
05038
05039
05050
05061
05067
05085
05091
05096
05107
05111
05120
05138
05139
05143
05147
05153
05155
05168
05169
05180
05183
05188
05198
05213
05238
05260
05272
05277
05279
05280
05296
05304
05310
05313
05314
05325
05327
05344
05352
05355
05363
05374
05378
05383
05400
05403
05409
05413
05419
05421
05425
05439
05442
05446
05460
05464
05491
05502
05507
05511
05514
05529
05539
05546
05549
05553
05559
05568
05573
05574
05576
05582
05590
05617
05632
05635
05654
05661
05663
05688
05700
05718
05728
05733
05753
05763
05764
05772
05794
05804
05813
05820
05862
05869
05873
05876
05881
05912
05925
05927
05930
05931
05934
05942
05947
05967
05974
05977
05992
05994
06018
06038
06043
06046
06049
06054
06065
06070
06071
06078
06086
06105
06118
06126
06132
06141
06149
06180
06201
06209
06211
06216
06224
06226
06227
06232
06240
06242
06246
06248
06252
06267
06274
06275
06284
06291
06302
06304
06311
06325
06367
06371
06381
06389
06396
06455
06464
06482
06484
06498
06511
06512
06523
06528
06532
06537
06543
06547
06548
06561
06565
06570
06572
06580
06592
06594
06596
06615
06622
06624
06625
06653
06658
06669
06678
06684
06686
06689
06690
06691
06693
06717
06730
06735
06744
06745
06751
06755
06770
06779
06790
06797
06798
06807
06812
06815
06818
06865
06866
06868
06873
06882
06883
06888
06897
06906
06912
06916
06924
06930
06932
06939
06951
06965
06971
06984
06991
06992
07007
07018
07019
07022
07025
07041
07043
07046
07048
07056
07062
07066
07075
07078
07102
07110
07119
07123
07135
07136
07140
07141
07144
07149
07172
07177
07178
07179
07195
07206
07213
07216
07222
07237
07238
07239
07242
07244
07245
07251
07253
07260
07264
07267
07269
07285
07305
07316
07342
07344
07350
07359
07373
07381
07385
07397
07398
07405
07428
07430
07432
07433
07434
07438
07449
07450
07451
07454
07460
07461
07478
07483
07484
07486
07491
07504
07508
07517
07527
07529
07532
07541
07555
07560
07564
07569
07573
07579
07606
07611
07612
07613
07616
07618
07619
07622
07633
07651
07657
07668
07673
07679
07690
07692
07699
07700
07705
07708
07711
07724
07736
07744
07749
07752
07753
07758
07770
07777
07784
07787
07800
07802
07811
07814
07827
07843
07847
07886
07894
07905
07916
07921
07933
07935
07939
07941
07953
07956
07962
07973
07988
07994
07999
08004
08005
08017
08022
08031
08032
08041
08042
08056
08071
08085
08090
08098
08099
08115
08117
08138
08153
08165
08167
08179
08199
08201
08221
08229
08238
08254
08270
08279
08280
08282
08288
08289
08308
08317
08318
08320
08327
08337
08346
08348
08375
08379
08408
08423
08431
08445
08464
08479
08486
08494
08502
08518
08540
08543
08548
08561
08565
08595
08617
08619
08645
08666
08669
08689
08692
08697
08698
08701
08702
08727
08728
08742
08751
08779
08785
08786
08791
08797
08807
08808
08817
08818
08821
08824
08830
08834
08835
08837
08847
08849
08850
08856
08864
08883
08889
08890
08900
08903
08920
08922
08928
08935
08938
08947
08955
08976
08977
08984
08998
09007
09012
09016
09017
09024
09031
09033
09038
09042
09043
09044
09048
09052
09064
09066
09068
09075
09080
09083
09086
09096
09105
09106
09115
09125
09131
09132
09143
09157
09173
09189
09195
09197
09198
09201
09202
09221
09224
09240
09246
09250
09260
09272
09292
09295
09316
09324
09325
09333
09336
09355
09368
09370
09405
09417
09424
09431
09432
09433
09440
09441
09446
09453
09459
09481
09485
09489
09495
09501
09502
09512
09528
09543
09554
09560
09562
09569
09571
09577
09590
09607
09608
09616
09619
09622
09626
09638
09641
09642
09647
09654
09659
09663
09669
09674
09697
09700
09707
09726
09729
09740
09749
09755
09763
09764
09766
09767
09771
09774
09777
09783
09787
09798
09813
09820
09837
09863
09883
09891
09909
09919
09926
09932
09933
09935
09938
09939
09946
09949
09966
09975
09977
09980
09985
09988
09995
09999
10015
10021
10037
10077
10084
10086
10091
10116
10132
10133
10145
10147
10150
10153
10168
10172
10174
10177
10179
10195
10201
10209
10211
10228
10240
10244
10246
10248
10268
10269
10276
10280
10293
10299
10312
10318
10322
10339
10340
10370
10372
10383
10391
10392
10400
10403
10410
10413
10415
10430
10438
10447
10450
10451
10461
10468
10476
10477
10485
10501
10510
10513
10521
10530
10532
10540
10564
10575
10582
10587
10589
10609
10610
10611
10612
10617
10637
10646
10647
10651
10657
10674
10678
10682
10684
10706
10714
10718
10726
10727
10732
10738
10748
10770
10775
10792
10794
10796
10809
10812
10813
10816
10820
10826
10832
10834
10838
10844
10855
10862
10868
10876
10878
10882
10894
10899
10910
10926
10927
10937
10942
10947
10950
10958
10960
10966
10968
10970
10972
10975
10980
10987
11004
11023
11032
11059
11062
11069
11079
11087
11097
11109
11127
11133
11145
11149
11164
11169
11170
11174
11187
11199
11210
11216
11219
11223
11232
11249
11252
11253
11260
11262
11263
11266
11267
11274
11280
11295
11302
11321
11334
11372
11385
11390
11412
11423
11436
11438
11444
11445
11489
11490
11498
11521
11522
11526
11538
11543
11547
11560
11561
11573
11582
11586
11587
11597
11600
11636
11661
11680
11690
11693
11699
11700
11707
11727
11731
11734
11742
11759
11762
11767
11773
11781
11791
11792
11808
11810
11817
11824
11828
11830
11835
11842
11845
11849
11861
11862
11874
11910
11914
11924
11948
11951
11952
11954
11968
11975
11987
